964388473
929677102
962129388
936660768
920509270
966148028
963056936
922227088
965864472
932909114
924777114
930327344
939499748
927601805
934869643
937317456
939698218
939362924
922734213
968951299
924110629
923390052
927414952
922165743
969784164
924197800
936834629
932090215
927386760
964952586
934743113
936604924
935104080
923051043
966946420
933625979
965309135
928320466
922305832
962379131
922766879
961196797
961846599
963337295
924548402
961688262
934904213
931308754
932327199
967779539
926360224
969783586
920614397
923136669
969540247
938692884
926956434
935609754
920740766
969209894
969560698
920046281
922538008
927642859
936592194
966225154
921241883
968487318
938538742
932866508
934045417
966177799
939026043
924819684
928085418
966615738
923114055
923385710
938698214
923373407
936361331
938013556
930290294
927841568
926461842
963348932
922625883
967955783
935395711
964306597
920352331
965367240
922362923
932323485
965339789
928063919
924229459
930027535
934630643
937430433
